0 0 0 0
23002 hg 0 5
15090 ue 0 5
10868 iz 0 5
25429 gp 0 7
10008 mp 0 7
2159 ru 0 7
29314 vb 0 9
18179 mt 0 10
26238 zv 0 12
20450 ro 0 12
846 at 0 13
25445 hn 0 19
3302 td 0 20
1707 ly 0 21
448 md 0 21
24595 mp 0 22
20259 gv 0 22
16600 gu 0 23
13294 ec 0 25
13979 ev 0 26
27795 sy 0 27
25275 no 0 29
12122 td 0 29
22606 jp 0 33
24884 hb 0 39
1014 lv 0 47
28264 io 0 48
16304 wz 0 48
1 1 1 1
4789 bk 1 5
4513 cw 1 6
13190 hf 1 7
1434 bc 1 9
11825 im 1 10
18017 er 1 11
9517 rr 1 12
7458 dq 1 15
1903 ig 1 19
1948 wv 1 21
16230 kt 1 22
15226 mk 1 24
15844 pg 1 26
11004 re 1 26
12669 gy 1 27
4495 wh 1 27
26546 xf 1 28
29385 er 1 29
23213 ed 1 29
563 xt 1 30
18574 jj 1 31
29388 ue 1 33
14976 si 1 33
27257 uq 1 36
898 vi 1 37
19129 za 1 41
11584 en 1 44
12466 ji 1 46
9722 vy 1 46
2606 mf 1 49
1326 vs 2 2
2 2 2 2
11053 sl 2 4
2772 za 2 4
26616 ll 2 9
17719 gl 2 10
10376 gv 2 10
10313 vf 2 16
3032 tp 2 16
1145 pv 2 21
16492 kh 2 22
8125 oi 2 22
23970 ix 2 29
13890 az 2 31
22307 pk 2 34
13736 pw 2 34
22308 im 2 36
27685 xp 2 37
10669 cx 2 37
26214 te 2 40
11811 xn 2 41
1813 sd 2 41
26925 tn 2 42
21323 ak 2 43
4158 pc 2 45
20818 io 2 49
15907 ab 3 0
8523 dz 3 0
18866 cb 3 3
10269 yf 3 3
3 3 3 3
24604 yx 3 9
23805 gb 3 9
23215 ao 3 11
21497 ta 3 20
250 nw 3 21
17875 no 3 30
1760 il 3 30
26908 fo 3 36
24567 sn 3 36
17937 bb 3 37
26021 js 3 38
21225 sp 3 44
18435 os 3 44
15533 mv 3 44
20237 xh 3 45
25181 xy 3 46
11868 eb 3 46
28564 og 3 48
498 uo 3 48
15015 pq 3 49
9117 bi 4 1
7760 tw 4 1
14700 vo 4 2
4 4 4 4
29942 ea 4 7
8159 vb 4 11
16845 gg 4 12
12777 qd 4 13
27397 rx 4 15
2751 kn 4 15
4538 ic 4 18
17195 yz 4 19
2074 ig 4 19
13193 xq 4 20
7702 bm 4 20
21631 ul 4 21
19415 cr 4 22
2939 zz 4 23
21489 ee 4 25
7736 cw 4 26
25021 tg 4 30
4902 di 4 30
8109 yy 4 31
10957 hf 4 32
19222 rl 4 33
392 uq 4 33
25590 px 4 36
28342 gk 4 39
16748 nk 4 39
14353 qh 4 39
9531 hf 4 39
12803 ve 4 46
28425 gv 4 49
13584 hn 4 49
9481 xp 4 49
17184 ih 5 1
1996 el 5 2
27546 ix 5 3
9818 eq 5 4
5 5 5 5
5562 xo 5 10
26766 li 5 14
15220 nq 5 14
26065 yp 5 18
27303 bq 5 20
865 so 5 20
5579 mz 5 21
9593 oj 5 22
3694 qm 5 24
28942 vd 5 27
6582 le 5 38
9538 io 5 39
10431 qo 5 40
23198 xd 5 43
18032 tm 5 46
7406 mx 5 46
26260 ai 5 47
25107 bg 5 47
12280 ej 5 47
5154 vh 6 1
6 6 6 6
5279 st 6 10
4753 dm 6 14
24623 dq 6 25
17374 vd 6 28
7408 aq 6 28
25820 qt 6 29
23780 ij 6 29
8242 ui 6 30
10049 qz 6 34
26621 gv 6 37
11902 ro 6 37
3150 kh 6 37
27583 sn 6 39
14049 nu 6 39
23295 hx 6 40
20124 eh 6 43
21064 bi 6 49
29192 og 7 3
14861 co 7 7
7 7 7 7
23181 kr 7 8
13842 ys 7 10
20304 fb 7 15
26087 pj 7 16
21652 by 7 17
7265 mb 7 17
16267 yb 7 19
14149 qc 7 19
4317 wt 7 19
5226 kl 7 21
7357 hx 7 24
24215 tt 7 26
11091 vx 7 26
5483 rb 7 27
13996 lu 7 29
17822 ym 7 31
14887 mf 7 31
11463 yp 7 32
28411 bz 7 36
28660 vv 7 37
13760 hs 7 37
23708 xw 7 43
11755 yp 7 45
8680 rd 7 46
7633 bn 7 47
23003 nx 7 48
11977 px 8 0
16653 pb 8 2
8241 mg 8 4
8390 pu 8 5
12763 yf 8 6
8 8 8 8
27495 is 8 9
6617 oq 8 10
15160 vu 8 12
9199 qh 8 17
3929 mo 8 19
8323 wj 8 26
29644 tj 8 28
12766 ob 8 29
1975 po 8 29
26963 lw 8 30
13950 lk 8 30
22531 id 8 32
12266 gv 8 32
5797 eu 8 34
3157 vq 8 35
28514 vb 8 36
29755 xy 8 39
8863 qm 8 40
17308 wk 8 44
27329 md 8 45
15407 kp 8 45
2743 gi 8 48
9528 kh 9 0
11052 tp 9 6
17893 di 9 7
12362 da 9 13
26312 vr 9 15
19117 uu 9 16
17684 ee 9 18
12030 rg 9 22
7507 wz 9 26
18773 ha 9 27
5771 lj 9 27
20380 dm 9 28
20310 uc 9 29
29269 bl 9 30
11514 rd 9 30
23537 ip 9 31
14854 sk 9 31
6149 mq 9 32
16491 vf 9 36
5776 cf 9 37
14010 uw 9 39
27779 ac 9 41
14551 xo 9 41
22167 ge 9 46
10922 et 9 46
17080 fj 9 47
21996 hb 10 0
22601 pm 10 1
16022 bg 10 1
23454 om 10 2
3393 ct 10 7
18211 dc 10 8
11201 ux 10 11
4443 ah 10 11
10857 py 10 14
2383 bm 10 17
10127 iw 10 18
22926 uf 10 21
17769 bt 10 22
25776 ub 10 23
158 oi 10 26
10330 qt 10 30
21763 dn 10 31
1520 vt 10 33
16224 gl 10 37
15861 qt 10 38
7965 ex 10 38
25096 sb 10 39
9826 ot 10 40
21776 gh 10 42
13465 ni 10 44
7575 oq 10 44
4874 fg 10 44
18146 pm 10 45
3319 ae 10 49
21940 bm 11 3
19567 ih 11 4
28157 dm 11 10
25568 io 11 10
16763 xn 11 12
15457 uu 11 17
5915 ho 11 17
9375 be 11 24
25979 tj 11 25
16796 fp 11 26
8632 qa 11 28
9948 vk 11 32
5472 az 11 33
11443 ys 11 36
12155 dz 11 41
28167 xs 11 42
24223 ld 11 42
21744 wr 11 42
8020 nw 11 45
10512 cj 11 46
7112 el 11 48
16527 gc 12 0
26387 co 12 1
4173 gh 12 8
12272 mk 12 9
9018 vb 12 9
9315 ru 12 10
25640 cn 12 12
23642 zf 12 13
9282 ag 12 15
22289 hx 12 17
14654 qn 12 17
25230 mi 12 18
22063 ip 12 19
18425 le 12 21
23258 sb 12 24
19559 ey 12 24
27472 hl 12 25
24871 qp 12 25
4713 vb 12 25
18355 eo 12 29
6242 oi 12 31
24772 la 12 40
28836 ac 12 42
26628 ji 12 42
24696 lh 12 43
26289 ie 12 46
14721 fq 12 46
23421 oj 13 0
1062 kl 13 0
27111 gn 13 4
12880 wt 13 4
16505 el 13 7
15511 jz 13 8
8060 km 13 12
4712 fd 13 12
18776 cb 13 13
16687 or 13 13
305 an 13 28
22408 xx 13 29
14548 zz 13 33
13119 zo 13 34
15196 kj 13 36
22373 qv 13 37
2056 lr 13 38
10417 iu 13 42
13595 xg 13 46
16990 pz 13 47
24486 ge 13 48
15023 ob 14 11
4509 gj 14 11
26174 cy 14 12
4415 fm 14 12
21682 wx 14 17
11626 ib 14 18
22996 cb 14 19
8977 xy 14 19
17107 gr 14 21
16647 qu 14 22
20292 mq 14 23
16649 qh 14 26
975 gq 14 28
19591 ff 14 30
10109 jj 14 35
23764 dt 14 36
6098 ev 14 39
28241 wb 14 40
8826 fn 14 41
24069 lt 14 44
14600 cy 14 45
27669 ku 14 47
8696 yu 15 1
28861 qt 15 9
1793 pi 15 11
12438 iu 15 14
9467 ls 15 15
5510 px 15 17
28537 sa 15 20
6348 vx 15 22
27510 aa 15 23
8968 io 15 23
6092 vm 15 25
17669 iw 15 26
28834 xw 15 34
21862 yq 15 36
21986 al 15 41
29383 wl 15 43
24685 kd 15 47
10614 fx 15 48
14346 yo 16 2
8762 kd 16 2
22337 lr 16 8
11558 yn 16 10
23870 sp 16 11
11956 dv 16 11
29361 fe 16 12
19932 ct 16 13
21378 zn 16 14
6440 ly 16 16
19191 rg 16 19
27878 wb 16 25
843 cb 16 29
7675 je 16 31
21710 nc 16 32
18522 pq 16 32
6480 xc 16 36
11327 at 16 37
29023 ll 16 39
29013 gt 16 40
10077 zk 16 48
24440 dc 17 0
24193 ea 17 4
25939 lm 17 5
24391 yv 17 5
16681 jk 17 6
9202 rn 17 9
17734 gr 17 10
9848 ja 17 13
29300 cq 17 14
8053 nx 17 14
25128 en 17 17
19373 lb 17 17
2261 qm 17 23
5789 ir 17 24
12986 gw 17 27
5205 mz 17 29
18717 bb 17 31
10403 ah 17 34
21530 cd 17 35
19291 es 17 36
26601 ji 17 42
7640 py 18 0
26116 ok 18 4
11138 nw 18 5
7193 hv 18 5
10302 gs 18 10
1801 tj 18 10
8499 ws 18 15
6482 tt 18 15
29224 mr 18 16
1272 dq 18 19
25518 hv 18 25
1533 nz 18 25
23541 iz 18 26
13669 wr 18 27
29754 fs 18 29
8585 hp 18 29
16356 fw 18 31
22959 ln 18 40
26989 nv 18 41
23933 ry 18 41
26819 wb 18 43
2335 ay 18 43
17205 fl 18 45
24763 kz 18 49
5955 rf 18 49
27422 tp 19 9
22386 bg 19 10
4641 jv 19 10
26853 qk 19 11
26136 ep 19 13
17497 vj 19 20
29097 hq 19 21
25994 aj 19 23
6965 qf 19 24
25875 xt 19 25
8967 zk 19 26
22110 jt 19 31
27746 el 19 33
21749 wu 19 33
21635 qf 19 33
13886 bn 19 35
17402 zg 19 36
13816 ck 19 36
4782 ml 19 36
19807 xv 19 38
27126 ng 19 39
22042 kb 19 39
13287 ff 19 42
11161 ig 19 45
236 sm 19 45
13920 gm 19 46
24228 zu 19 47
10160 cf 19 48
8009 ld 19 48
3923 bi 20 0
13917 rg 20 1
11653 aa 20 7
28793 th 20 14
1958 in 20 14
2482 zi 20 15
13316 qr 20 17
12195 lt 20 17
23220 ei 20 18
4403 xs 20 20
19613 jg 20 21
22934 xi 20 22
27361 ei 20 31
6996 mf 20 33
19128 vg 20 35
15424 ox 20 35
12095 ho 20 37
19935 qs 20 45
25112 jp 20 46
19710 aa 20 47
4398 hl 20 47
14898 bu 21 1
11743 pv 21 1
17824 cj 21 2
1255 rd 21 4
19885 bj 21 5
2245 qh 21 5
5791 rf 21 7
26898 qn 21 10
15436 kg 21 10
1234 vq 21 15
8962 qb 21 17
12338 au 21 20
7457 lr 21 26
14801 yg 21 40
13513 ug 21 47
3177 my 21 49
1455 td 22 1
7744 ws 22 4
28816 gz 22 5
6887 ok 22 9
28254 ic 22 12
3002 rn 22 16
28206 dv 22 21
6066 sb 22 28
2197 qm 22 29
13946 xn 22 34
13413 cz 22 34
23926 wk 22 36
15128 cn 22 36
12802 xy 22 37
29265 fp 22 39
2649 jp 22 39
27847 bt 22 48
1235 jf 22 49
2120 vz 23 0
24968 qd 23 3
21367 ft 23 3
14485 ew 23 4
848 sk 23 5
6243 lc 23 10
10303 zi 23 12
4585 tr 23 14
17531 ez 23 16
6340 bc 23 18
19683 hs 23 24
3533 km 23 29
15550 qx 23 31
1564 re 23 31
7660 dy 23 35
3169 vs 23 35
9701 cz 23 37
783 jq 23 37
16382 et 23 38
13478 zf 23 39
28671 ey 23 42
28363 uo 23 47
23446 tm 24 4
19610 ft 24 5
14461 pe 24 6
16868 xm 24 7
16174 jy 24 12
21486 dd 24 14
16197 xn 24 16
29253 dg 24 24
12277 xb 24 24
8078 zs 24 24
27354 xm 24 26
202 ib 24 28
8800 ao 24 30
12091 av 24 31
7249 jf 24 31
22720 ar 24 38
15140 wc 24 46
7502 pv 24 46
3630 xh 25 1
10253 uc 25 2
1805 ub 25 5
1343 dr 25 9
22473 xr 25 13
6110 ie 25 13
20050 ce 25 14
15056 il 25 17
9287 iv 25 21
21598 xi 25 23
23221 ad 25 27
21878 wq 25 27
6508 fs 25 32
2255 bi 25 36
28480 yp 25 42
28490 dw 25 44
29074 vt 25 45
22346 zm 25 45
13157 ri 25 45
15312 nc 25 47
774 xg 25 47
7776 nn 26 0
8107 dj 26 3
1298 mj 26 5
18976 kv 26 8
13398 ig 26 8
3853 jn 26 14
19114 qd 26 17
24544 ou 26 18
24833 of 26 23
15057 uj 26 28
6713 pg 26 31
28989 lu 26 32
26052 ly 26 32
25340 dh 26 32
17540 fa 26 34
10711 qd 26 34
29389 oo 26 42
2765 ai 26 42
14030 fw 26 43
27803 ze 26 45
27917 yq 26 46
17163 iy 27 1
2412 tc 27 2
20707 nf 27 7
10879 do 27 7
25066 pl 27 8
1305 ev 27 11
29963 uq 27 14
14674 ix 27 16
20691 ns 27 17
11366 xh 27 19
13682 ne 27 23
24098 dc 27 24
6300 ao 27 26
22856 hq 27 27
24826 fp 27 28
20069 nm 27 29
26466 jk 27 31
25191 wr 27 31
16169 jz 27 31
25923 mu 27 33
10058 yx 27 33
29862 wp 27 35
22305 pk 27 36
5005 hm 27 36
29972 az 27 37
9718 id 27 37
3286 po 27 40
23202 xl 27 43
23669 jt 27 45
409 wo 27 47
12728 lo 27 48
21043 le 28 3
24918 ix 28 5
29933 hb 28 6
14289 zt 28 7
16950 dv 28 8
5266 sk 28 8
20353 jm 28 9
8918 zq 28 10
8023 ml 28 11
795 uq 28 17
25668 vu 28 20
14176 he 28 21
10037 xp 28 21
27436 sb 28 24
22893 fr 28 24
25153 tn 28 25
1432 ln 28 25
22467 hc 28 26
4852 sx 28 26
14919 nl 28 27
12443 nl 28 28
24428 tz 28 29
10207 iu 28 29
17654 qa 28 32
1087 km 28 38
19022 la 28 39
14628 pv 28 39
6651 je 28 39
22379 sa 28 41
28496 qg 28 47
26388 rm 28 49
28967 es 29 2
14946 lt 29 2
16552 wf 29 3
6704 nx 29 3
1528 fa 29 3
15450 co 29 6
24107 cl 29 7
3428 wi 29 8
25587 gs 29 9
8175 cv 29 10
29107 ru 29 18
28837 ck 29 19
17457 of 29 23
10531 mx 29 27
11679 dp 29 29
6271 gh 29 30
29325 tm 29 31
25211 id 29 32
7055 jn 29 39
24695 ex 29 42
29341 lp 29 44
16644 pm 29 46
4689 pv 29 48
22215 dc 29 49
8718 cb 30 1
1796 vk 30 4
22692 ke 30 6
6413 yn 30 6
27755 dg 30 21
2949 zu 30 23
16123 qq 30 25
7605 dt 30 28
23485 mr 30 29
29349 fi 30 31
17339 ya 30 36
16829 jh 30 36
6652 md 30 36
8548 am 30 40
2334 cc 30 40
19949 mq 30 41
17667 xd 30 43
8153 ey 30 43
8129 rq 30 44
1988 ww 30 48
446 od 30 49
22701 ay 31 3
7857 kx 31 3
22547 jc 31 11
17218 hx 31 13
6590 og 31 13
25494 pp 31 23
7792 eg 31 24
20300 br 31 28
5147 xv 31 32
27661 tk 31 33
11953 wt 31 33
4811 ig 31 35
24669 le 31 36
5720 di 31 37
14260 cw 31 40
20029 fq 31 43
6970 vy 31 43
6946 to 32 0
5932 he 32 1
4680 qu 32 2
20494 kw 32 3
28581 rm 32 5
21092 ra 32 5
22476 ps 32 8
2604 af 32 8
3327 je 32 10
13016 cc 32 11
6667 oy 32 16
2805 qw 32 17
18283 of 32 21
13428 ww 32 25
18860 qc 32 26
14687 lw 32 28
6892 fp 32 34
24447 mh 32 37
12835 fa 32 37
11690 zf 32 37
28616 fv 32 42
7088 zm 32 44
13518 ve 32 46
21220 dj 33 0
16056 pt 33 2
15290 fo 33 3
21536 ge 33 7
21832 ys 33 8
8751 jl 33 10
19634 nl 33 11
14285 yc 33 14
5215 yz 33 15
11585 lk 33 18
11424 jy 33 22
4427 mo 33 22
28468 qg 33 23
12269 dg 33 27
16366 hf 33 28
20165 wm 33 31
20387 ad 33 32
14146 as 33 33
14904 pf 33 35
2290 qb 33 39
6067 kz 33 40
17454 jv 33 41
310 nt 33 43
21310 nl 33 44
1157 pt 33 48
29168 jv 33 49
18250 yu 34 5
20081 tq 34 6
6228 tu 34 8
27566 vd 34 9
12350 pq 34 14
14123 rz 34 17
25625 hv 34 19
26229 cy 34 20
14693 wj 34 21
12379 fw 34 22
3147 zx 34 24
5738 rh 34 26
1610 sr 34 28
26868 dd 34 32
18500 vl 34 32
22976 jh 34 33
1492 wc 34 35
11095 eu 34 40
8996 dj 34 40
457 qp 34 41
17059 io 34 45
27565 od 34 46
2799 zw 34 48
9250 wp 35 6
10334 ta 35 7
26896 bz 35 8
12949 up 35 10
3022 nm 35 14
25739 wu 35 15
7070 em 35 16
952 xd 35 18
26272 mq 35 21
17672 ib 35 22
7125 pm 35 22
14684 pw 35 25
2634 og 35 25
29100 ck 35 27
27885 ok 35 30
12977 js 35 30
7886 ae 35 30
4047 ko 35 32
8860 mx 35 36
25892 zh 35 41
8216 gm 35 42
10279 it 35 45
3193 xd 35 46
23598 gf 35 47
8205 mw 36 0
2806 qd 36 0
4899 th 36 3
29426 ue 36 6
18875 zk 36 6
15895 vk 36 6
22212 jb 36 7
13640 ez 36 8
10771 dc 36 8
12724 ki 36 10
20857 je 36 14
13725 ye 36 15
7358 dh 36 15
20129 yg 36 17
24062 yr 36 25
10510 js 36 25
26984 ur 36 26
16341 vp 36 30
17515 dr 36 31
17156 pw 36 38
8355 qv 36 38
26977 bh 36 42
18163 if 36 47
13328 at 37 2
14225 be 37 3
4819 jh 37 3
27142 zr 37 4
2940 vx 37 4
24213 es 37 6
26141 ov 37 13
24295 pw 37 14
6896 vx 37 16
22958 mi 37 17
4369 od 37 20
25011 kp 37 22
24070 wq 37 23
16665 om 37 24
10727 gx 37 24
17750 ev 37 26
532 ky 37 26
28718 fk 37 28
22043 lo 37 28
21360 it 37 28
9884 xn 37 28
24788 op 37 31
18399 he 37 32
6131 ib 37 33
25530 po 37 34
3073 vl 37 34
9494 su 37 35
19716 jd 37 37
27641 ix 37 38
5150 qe 37 40
21017 gf 37 41
16550 to 37 42
18924 cw 37 43
28545 ky 37 44
12427 qc 37 44
319 oy 37 45
22557 ac 37 47
26384 lt 38 0
15617 dx 38 0
26499 gk 38 2
19095 zw 38 4
25537 xz 38 7
7690 sc 38 8
24500 ph 38 9
17092 tl 38 10
19174 qm 38 11
1320 jw 38 11
6995 of 38 16
23679 te 38 19
21742 px 38 21
10172 vd 38 22
23618 yh 38 24
1440 ny 38 26
18377 pf 38 30
3537 cx 38 30
13523 ui 38 32
4660 eq 38 33
21668 jb 38 36
27177 ey 38 42
25520 um 38 42
6848 ws 38 42
12101 mg 38 45
29589 vo 38 47
21601 uv 38 47
21956 qj 39 6
21361 jl 39 7
5916 xn 39 8
25354 ec 39 9
3185 wy 39 9
10946 bh 39 10
21834 iv 39 14
2516 hz 39 15
17313 le 39 16
4089 dx 39 18
28681 rs 39 19
16675 uu 39 19
10270 tp 39 19
4872 xn 39 19
15042 cj 39 22
21873 fh 39 26
2300 yy 39 28
6197 py 39 32
10911 xc 39 33
8825 qp 39 33
25171 xe 39 39
8941 fn 39 39
13480 ih 39 40
10878 jk 39 41
25151 na 39 42
24932 wn 39 48
2981 hf 40 2
26997 vr 40 3
20285 ya 40 7
22298 ey 40 9
8995 ha 40 9
24526 zj 40 15
22410 pd 40 17
27051 qr 40 18
22192 ac 40 18
19241 iz 40 18
19204 dn 40 21
13245 xf 40 23
6761 xj 40 25
26692 zw 40 28
24375 pp 40 28
6802 tl 40 28
11498 uc 40 29
1555 qq 40 31
743 sp 40 32
15528 bl 40 36
2293 em 40 36
17873 tn 40 37
9300 zq 40 38
10152 vj 40 39
11485 au 40 40
7280 vo 40 41
16431 qc 40 42
10561 kx 40 44
8189 de 40 45
25578 xy 40 47
12851 pe 40 47
29327 fo 40 48
27998 yi 41 6
4107 yk 41 8
12331 mx 41 10
11694 cs 41 13
16021 lb 41 15
21388 sl 41 18
13624 qk 41 20
26364 uj 41 22
18365 rg 41 26
17681 uh 41 27
1186 uo 41 27
25318 xd 41 29
21820 ib 41 31
25760 ye 41 34
4704 dc 41 35
15755 lq 41 38
19192 hd 41 39
18925 xa 41 39
4080 kv 41 39
28346 xs 41 40
14073 mx 41 41
7654 ty 41 43
13828 tt 41 46
26712 ub 41 49
21955 xr 42 6
15632 au 42 11
20330 dl 42 13
29131 eq 42 15
27603 td 42 16
3506 yp 42 18
12001 zj 42 20
4081 uu 42 22
20127 om 42 24
11476 uq 42 25
8897 og 42 29
22090 mo 42 36
12009 oa 42 37
6229 ba 42 38
11745 qz 42 41
25690 sm 42 42
14613 ak 42 43
9304 pd 42 44
20289 ha 42 45
20762 xy 42 46
13568 xs 42 47
17480 st 42 48
25219 jh 42 49
23367 wk 43 0
5383 vh 43 4
20768 bb 43 5
21233 bp 43 8
15487 an 43 8
29090 ys 43 10
8280 mm 43 13
27501 pv 43 16
13614 fs 43 18
6029 rj 43 18
26901 ws 43 22
23879 ap 43 24
16473 kg 43 24
20118 yg 43 26
18398 yg 43 27
20964 dt 43 35
4442 ag 43 35
16966 gx 43 37
23768 jz 43 38
21246 ox 43 42
13622 wh 43 46
10440 sa 43 47
28820 gs 44 4
24279 nl 44 4
21172 pq 44 10
13881 gd 44 10
10636 qw 44 10
5105 dz 44 11
27063 yn 44 15
14401 np 44 16
29759 if 44 17
12210 wu 44 17
4949 sd 44 18
27377 al 44 19
19441 bx 44 19
12426 px 44 20
1149 hj 44 22
9760 zg 44 24
21305 wc 44 26
1933 be 44 27
19640 gk 44 29
4410 ug 44 30
9206 yf 44 31
54 xm 44 32
19611 pr 44 34
25913 my 44 37
23529 fr 44 37
10012 qm 44 39
23823 lq 44 42
2154 ij 44 42
26693 yc 44 48
2362 ko 44 48
24011 tx 44 49
8732 gk 45 0
11335 ky 45 2
22857 bc 45 4
21786 qg 45 8
12034 cp 45 10
26124 pa 45 14
16718 xr 45 14
17643 gk 45 17
23604 fu 45 21
24911 kt 45 22
13934 in 45 24
5752 kx 45 25
29533 yd 45 34
20057 qz 45 40
23763 hz 45 43
7971 rg 45 44
4213 kn 45 44
558 bt 45 44
29156 ap 45 45
29762 iz 45 46
28341 fs 46 1
22092 ds 46 4
13576 fx 46 9
21042 sh 46 11
14786 uk 46 16
13880 kj 46 17
25338 dn 46 18
15572 vd 46 23
24569 qn 46 24
17007 cm 46 27
24471 qq 46 28
23484 uy 46 30
2339 qs 46 30
10226 rj 46 31
15082 lw 46 33
8371 re 46 34
17203 rv 46 39
6679 wn 46 40
4800 wr 46 40
16939 qi 46 44
16246 mm 46 46
29883 kr 47 0
17398 mr 47 0
14830 fb 47 0
23532 ws 47 4
20751 ah 47 6
872 lc 47 11
10212 qi 47 15
19535 mv 47 20
13510 oq 47 25
801 lo 47 26
16978 em 47 31
19877 uv 47 32
20595 xs 47 33
13198 zx 47 34
27513 od 47 36
8594 zj 47 39
11400 fc 47 40
16880 xl 47 41
9916 pt 47 42
20943 pd 47 43
806 lo 47 45
28291 cl 47 48
27556 oo 47 49
16585 lv 48 1
29339 ys 48 2
9405 rz 48 3
23852 so 48 5
349 ch 48 5
26456 zg 48 6
8440 ns 48 10
1862 qx 48 10
9507 lc 48 11
29299 um 48 13
10228 wx 48 13
23408 db 48 15
2698 fo 48 15
2918 da 48 18
1991 xj 48 20
21148 ll 48 29
7037 jm 48 33
14522 jf 48 36
3303 zr 48 40
23882 tx 48 45
12853 md 48 47
27279 ar 49 1
5004 ud 49 1
20847 uf 49 8
4626 ki 49 8
29651 ku 49 10
19759 xe 49 11
21850 uu 49 17
3831 ik 49 20
8335 mq 49 21
9518 rc 49 22
17396 nr 49 24
13022 cb 49 26
14319 vg 49 27
24538 hr 49 29
12600 uw 49 29
8705 id 49 34
880 yd 49 34
20881 zn 49 36
417 kc 49 37
5115 cc 49 42
8339 es 49 43
20886 pe 49 44
20290 kf 49 44
20163 bt 49 46
24536 ng 49 47
27510 aa 15 23
19710 aa 20 47
11653 aa 20 7
15907 ab 3 0
28836 ac 12 42
27779 ac 9 41
22557 ac 37 47
22192 ac 40 18
23221 ad 25 27
20387 ad 33 32
7886 ae 35 30
3319 ae 10 49
2604 af 32 8
9282 ag 12 15
4442 ag 43 35
20751 ah 47 6
10403 ah 17 34
4443 ah 10 11
26260 ai 5 47
2765 ai 26 42
25994 aj 19 23
21323 ak 2 43
14613 ak 42 43
27377 al 44 19
21986 al 15 41
8548 am 30 40
15487 an 43 8
305 an 13 28
23215 ao 3 11
8800 ao 24 30
6300 ao 27 26
29156 ap 45 45
23879 ap 43 24
7408 aq 6 28
27279 ar 49 1
22720 ar 24 38
14146 as 33 33
13328 at 37 2
11327 at 16 37
846 at 0 13
15632 au 42 11
12338 au 21 20
11485 au 40 40
12091 av 24 31
22701 ay 31 3
2335 ay 18 43
29972 az 27 37
13890 az 2 31
5472 az 11 33
6229 ba 42 38
20768 bb 43 5
18717 bb 17 31
17937 bb 3 37
22857 bc 45 4
6340 bc 23 18
1434 bc 1 9
14225 be 37 3
9375 be 11 24
1933 be 44 27
25107 bg 5 47
22386 bg 19 10
16022 bg 10 1
26977 bh 36 42
10946 bh 39 10
21064 bi 6 49
9117 bi 4 1
3923 bi 20 0
2255 bi 25 36
19885 bj 21 5
4789 bk 1 5
29269 bl 9 30
15528 bl 40 36
21940 bm 11 3
7702 bm 4 20
2383 bm 10 17
13886 bn 19 35
7633 bn 7 47
21233 bp 43 8
27303 bq 5 20
20300 br 31 28
27847 bt 22 48
20163 bt 49 46
17769 bt 10 22
558 bt 45 44
14898 bu 21 1
19441 bx 44 19
21652 by 7 17
28411 bz 7 36
26896 bz 35 8
22996 cb 14 19
18866 cb 3 3
18776 cb 13 13
13022 cb 49 26
8718 cb 30 1
843 cb 16 29
13016 cc 32 11
5115 cc 49 42
2334 cc 30 40
21530 cd 17 35
20050 ce 25 14
10160 cf 19 48
5776 cf 9 37
349 ch 48 5
17824 cj 21 2
15042 cj 39 22
10512 cj 11 46
29100 ck 35 27
28837 ck 29 19
13816 ck 19 36
28291 cl 47 48
24107 cl 29 7
17007 cm 46 27
25640 cn 12 12
15128 cn 22 36
26387 co 12 1
15450 co 29 6
14861 co 7 7
12034 cp 45 10
29300 cq 17 14
19415 cr 4 22
11694 cs 41 13
19932 ct 16 13
3393 ct 10 7
8175 cv 29 10
18924 cw 37 43
14260 cw 31 40
7736 cw 4 26
4513 cw 1 6
10669 cx 2 37
3537 cx 38 30
26229 cy 34 20
26174 cy 14 12
14600 cy 14 45
13413 cz 22 34
9701 cz 23 37
12362 da 9 13
2918 da 48 18
23408 db 48 15
24440 dc 17 0
24098 dc 27 24
22215 dc 29 49
18211 dc 10 8
10771 dc 36 8
4704 dc 41 35
26868 dd 34 32
21486 dd 24 14
8189 de 40 45
29253 dg 24 24
27755 dg 30 21
12269 dg 33 27
25340 dh 26 32
7358 dh 36 15
17893 di 9 7
5720 di 31 37
4902 di 4 30
21220 dj 33 0
8996 dj 34 40
8107 dj 26 3
20330 dl 42 13
28157 dm 11 10
20380 dm 9 28
4753 dm 6 14
25338 dn 46 18
21763 dn 10 31
19204 dn 40 21
10879 do 27 7
11679 dp 29 29
24623 dq 6 25
7458 dq 1 15
1272 dq 18 19
17515 dr 36 31
1343 dr 25 9
22092 ds 46 4
23764 dt 14 36
20964 dt 43 35
7605 dt 30 28
28206 dv 22 21
16950 dv 28 8
11956 dv 16 11
28490 dw 25 44
15617 dx 38 0
4089 dx 39 18
7660 dy 23 35
12155 dz 11 41
8523 dz 3 0
5105 dz 44 11
29942 ea 4 7
24193 ea 17 4
11868 eb 3 46
25354 ec 39 9
13294 ec 0 25
23213 ed 1 29
21489 ee 4 25
17684 ee 9 18
7792 eg 31 24
20124 eh 6 43
27361 ei 20 31
23220 ei 20 18
12280 ej 5 47
27746 el 19 33
16505 el 13 7
7112 el 11 48
1996 el 5 2
16978 em 47 31
7070 em 35 16
2293 em 40 36
25128 en 17 17
11584 en 1 44
18355 eo 12 29
26136 ep 19 13
29131 eq 42 15
9818 eq 5 4
4660 eq 38 33
29385 er 1 29
18017 er 1 11
28967 es 29 2
24213 es 37 6
19291 es 17 36
8339 es 49 43
16382 et 23 38
10922 et 9 46
11095 eu 34 40
5797 eu 8 34
17750 ev 37 26
13979 ev 0 26
6098 ev 14 39
1305 ev 27 11
14485 ew 23 4
24695 ex 29 42
7965 ex 10 38
28671 ey 23 42
27177 ey 38 42
22298 ey 40 9
19559 ey 12 24
8153 ey 30 43
17531 ez 23 16
13640 ez 36 8
17540 fa 26 34
12835 fa 32 37
1528 fa 29 3
20304 fb 7 15
14830 fb 47 0
11400 fc 47 40
4712 fd 13 12
29361 fe 16 12
19591 ff 14 30
13287 ff 19 42
4874 fg 10 44
21873 fh 39 26
29349 fi 30 31
17080 fj 9 47
28718 fk 37 28
17205 fl 18 45
4415 fm 14 12
8941 fn 39 39
8826 fn 14 41
29327 fo 40 48
26908 fo 3 36
15290 fo 33 3
2698 fo 48 15
29265 fp 22 39
24826 fp 27 28
16796 fp 11 26
6892 fp 32 34
20029 fq 31 43
14721 fq 12 46
23529 fr 44 37
22893 fr 28 24
29754 fs 18 29
28341 fs 46 1
13614 fs 43 18
6508 fs 25 32
21367 ft 23 3
19610 ft 24 5
23604 fu 45 21
28616 fv 32 42
16356 fw 18 31
14030 fw 26 43
12379 fw 34 22
13576 fx 46 9
10614 fx 15 48
23805 gb 3 9
16527 gc 12 0
13881 gd 44 10
24486 ge 13 48
22167 ge 9 46
21536 ge 33 7
23598 gf 35 47
21017 gf 37 41
16845 gg 4 12
21776 gh 10 42
6271 gh 29 30
4173 gh 12 8
2743 gi 8 48
4509 gj 14 11
28342 gk 4 39
26499 gk 38 2
19640 gk 44 29
17643 gk 45 17
8732 gk 45 0
17719 gl 2 10
16224 gl 10 37
13920 gm 19 46
8216 gm 35 42
27111 gn 13 4
25429 gp 0 7
975 gq 14 28
17734 gr 17 10
17107 gr 14 21
28820 gs 44 4
25587 gs 29 9
10302 gs 18 10
29013 gt 16 40
16600 gu 0 23
28425 gv 4 49
26621 gv 6 37
20259 gv 0 22
12266 gv 8 32
10376 gv 2 10
12986 gw 17 27
16966 gx 43 37
10727 gx 37 24
12669 gy 1 27
28816 gz 22 5
20289 ha 42 45
18773 ha 9 27
8995 ha 40 9
29933 hb 28 6
24884 hb 0 39
21996 hb 10 0
22467 hc 28 26
19192 hd 41 39
18399 he 37 32
14176 he 28 21
5932 he 32 1
16366 hf 33 28
13190 hf 1 7
10957 hf 4 32
9531 hf 4 39
2981 hf 40 2
23002 hg 0 5
1149 hj 44 22
27472 hl 12 25
4398 hl 20 47
5005 hm 27 36
25445 hn 0 19
13584 hn 4 49
12095 ho 20 37
5915 ho 11 17
8585 hp 18 29
29097 hq 19 21
22856 hq 27 27
24538 hr 49 29
19683 hs 23 24
13760 hs 7 37
25625 hv 34 19
25518 hv 18 25
7193 hv 18 5
23295 hx 6 40
22289 hx 12 17
17218 hx 31 13
7357 hx 7 24
23763 hz 45 43
2516 hz 39 15
21820 ib 41 31
17672 ib 35 22
11626 ib 14 18
6131 ib 37 33
202 ib 24 28
28254 ic 22 12
4538 ic 4 18
25211 id 29 32
22531 id 8 32
9718 id 27 37
8705 id 49 34
26289 ie 12 46
6110 ie 25 13
29759 if 44 17
18163 if 36 47
13398 ig 26 8
11161 ig 19 45
4811 ig 31 35
2074 ig 4 19
1903 ig 1 19
19567 ih 11 4
17184 ih 5 1
13480 ih 39 40
23780 ij 6 29
2154 ij 44 42
3831 ik 49 20
15056 il 25 17
1760 il 3 30
22308 im 2 36
11825 im 1 10
13934 in 45 24
1958 in 20 14
28264 io 0 48
25568 io 11 10
20818 io 2 49
17059 io 34 45
9538 io 5 39
8968 io 15 23
23537 ip 9 31
22063 ip 12 19
5789 ir 17 24
27495 is 8 9
21360 it 37 28
10279 it 35 45
12438 iu 15 14
10417 iu 13 42
10207 iu 28 29
21834 iv 39 14
9287 iv 25 21
17669 iw 15 26
10127 iw 10 18
27641 ix 37 38
27546 ix 5 3
24918 ix 28 5
23970 ix 2 29
14674 ix 27 16
17163 iy 27 1
29762 iz 45 46
23541 iz 18 26
19241 iz 40 18
10868 iz 0 5
9848 ja 17 13
22212 jb 36 7
21668 jb 38 36
22547 jc 31 11
19716 jd 37 37
20857 je 36 14
7675 je 16 31
6651 je 28 39
3327 je 32 10
14522 jf 48 36
7249 jf 24 31
1235 jf 22 49
19613 jg 20 21
25219 jh 42 49
22976 jh 34 33
16829 jh 30 36
4819 jh 37 3
26628 ji 12 42
26601 ji 17 42
12466 ji 1 46
18574 jj 1 31
10109 jj 14 35
26466 jk 27 31
16681 jk 17 6
10878 jk 39 41
21361 jl 39 7
8751 jl 33 10
20353 jm 28 9
7037 jm 48 33
7055 jn 29 39
3853 jn 26 14
25112 jp 20 46
22606 jp 0 33
2649 jp 22 39
783 jq 23 37
26021 js 3 38
12977 js 35 30
10510 js 36 25
23669 jt 27 45
22110 jt 19 31
29168 jv 33 49
17454 jv 33 41
4641 jv 19 10
1320 jw 38 11
16174 jy 24 12
11424 jy 33 22
23768 jz 43 38
16169 jz 27 31
15511 jz 13 8
22042 kb 19 39
417 kc 49 37
24685 kd 15 47
8762 kd 16 2
22692 ke 30 6
20290 kf 49 44
16473 kg 43 24
15436 kg 21 10
16492 kh 2 22
9528 kh 9 0
3150 kh 6 37
12724 ki 36 10
4626 ki 49 8
15196 kj 13 36
13880 kj 46 17
5226 kl 7 21
1062 kl 13 0
8060 km 13 12
3533 km 23 29
1087 km 28 38
4213 kn 45 44
2751 kn 4 15
4047 ko 35 32
2362 ko 44 48
25011 kp 37 22
15407 kp 8 45
29883 kr 47 0
23181 kr 7 8
24911 kt 45 22
16230 kt 1 22
29651 ku 49 10
27669 ku 14 47
18976 kv 26 8
4080 kv 41 39
20494 kw 32 3
10561 kx 40 44
7857 kx 31 3
5752 kx 45 25
28545 ky 37 44
11335 ky 45 2
532 ky 37 26
24763 kz 18 49
6067 kz 33 40
24772 la 12 40
19022 la 28 39
19373 lb 17 17
16021 lb 41 15
9507 lc 48 11
6243 lc 23 10
872 lc 47 11
24223 ld 11 42
8009 ld 19 48
24669 le 31 36
21043 le 28 3
18425 le 12 21
17313 le 39 16
6582 le 5 38
24696 lh 12 43
26766 li 5 14
5771 lj 9 27
13950 lk 8 30
11585 lk 33 18
29023 ll 16 39
26616 ll 2 9
21148 ll 48 29
25939 lm 17 5
22959 ln 18 40
1432 ln 28 25
22043 lo 37 28
12728 lo 27 48
806 lo 47 45
801 lo 47 26
29341 lp 29 44
23823 lq 44 42
15755 lq 41 38
22337 lr 16 8
7457 lr 21 26
2056 lr 13 38
9467 ls 15 15
26384 lt 38 0
24069 lt 14 44
14946 lt 29 2
12195 lt 20 17
28989 lu 26 32
13996 lu 7 29
16585 lv 48 1
1014 lv 0 47
26963 lw 8 30
15082 lw 46 33
14687 lw 32 28
26052 ly 26 32
6440 ly 16 16
1707 ly 0 21
7265 mb 7 17
27329 md 8 45
12853 md 48 47
6652 md 30 36
448 md 0 21
14887 mf 7 31
6996 mf 20 33
2606 mf 1 49
12101 mg 38 45
8241 mg 8 4
24447 mh 32 37
25230 mi 12 18
22958 mi 37 17
1298 mj 26 5
15226 mk 1 24
12272 mk 12 9
8023 ml 28 11
4782 ml 19 36
16246 mm 46 46
8280 mm 43 13
22090 mo 42 36
4427 mo 33 22
3929 mo 8 19
24595 mp 0 22
10008 mp 0 7
26272 mq 35 21
20292 mq 14 23
19949 mq 30 41
8335 mq 49 21
6149 mq 9 32
29224 mr 18 16
23485 mr 30 29
17398 mr 47 0
18179 mt 0 10
25923 mu 27 33
19535 mv 47 20
15533 mv 3 44
8205 mw 36 0
14073 mx 41 41
12331 mx 41 10
10531 mx 29 27
8860 mx 35 36
7406 mx 5 46
25913 my 44 37
3177 my 21 49
5579 mz 5 21
5205 mz 17 29
25151 na 39 42
21710 nc 16 32
15312 nc 25 47
13682 ne 27 23
20707 nf 27 7
27126 ng 19 39
24536 ng 49 47
13465 ni 10 44
16748 nk 4 39
24279 nl 44 4
21310 nl 33 44
19634 nl 33 11
14919 nl 28 27
12443 nl 28 28
20069 nm 27 29
3022 nm 35 14
7776 nn 26 0
25275 no 0 29
17875 no 3 30
14401 np 44 16
15220 nq 5 14
17396 nr 49 24
20691 ns 27 17
8440 ns 48 10
310 nt 33 43
14049 nu 6 39
26989 nv 18 41
11138 nw 18 5
8020 nw 11 45
250 nw 3 21
23003 nx 7 48
8053 nx 17 14
6704 nx 29 3
1440 ny 38 26
1533 nz 18 25
12009 oa 42 37
15023 ob 14 11
12766 ob 8 29
27565 od 34 46
27513 od 47 36
4369 od 37 20
446 od 30 49
24833 of 26 23
18283 of 32 21
17457 of 29 23
6995 of 38 16
29192 og 7 3
28564 og 3 48
8897 og 42 29
6590 og 31 13
2634 og 35 25
8125 oi 2 22
6242 oi 12 31
158 oi 10 26
23421 oj 13 0
9593 oj 5 22
27885 ok 35 30
26116 ok 18 4
6887 ok 22 9
23454 om 10 2
20127 om 42 24
16665 om 37 24
29389 oo 26 42
27556 oo 47 49
24788 op 37 31
13510 oq 47 25
7575 oq 10 44
6617 oq 8 10
16687 or 13 13
18435 os 3 44
9826 ot 10 40
24544 ou 26 18
26141 ov 37 13
21246 ox 43 42
15424 ox 20 35
6667 oy 32 16
319 oy 37 45
26124 pa 45 14
16653 pb 8 2
4158 pc 2 45
22410 pd 40 17
20943 pd 47 43
9304 pd 42 44
20886 pe 49 44
14461 pe 24 6
12851 pe 40 47
18377 pf 38 30
14904 pf 33 35
15844 pg 1 26
6713 pg 26 31
24500 ph 38 9
1793 pi 15 11
26087 pj 7 16
22307 pk 2 34
22305 pk 27 36
25066 pl 27 8
22601 pm 10 1
18146 pm 10 45
16644 pm 29 46
7125 pm 35 22
25530 po 37 34
3286 po 27 40
1975 po 8 29
25494 pp 31 23
24375 pp 40 28
21172 pq 44 10
18522 pq 16 32
15015 pq 3 49
12350 pq 34 14
19611 pr 44 34
22476 ps 32 8
16056 pt 33 2
9916 pt 47 42
1157 pt 33 48
8390 pu 8 5
27501 pv 43 16
14628 pv 28 39
11743 pv 21 1
7502 pv 24 46
4689 pv 29 48
1145 pv 2 21
24295 pw 37 14
17156 pw 36 38
14684 pw 35 25
13736 pw 2 34
25590 px 4 36
21742 px 38 21
12426 px 44 20
11977 px 8 0
5510 px 15 17
10857 py 10 14
7640 py 18 0
6197 py 39 32
16990 pz 13 47
17654 qa 28 32
8632 qa 11 28
8962 qb 21 17
2290 qb 33 39
18860 qc 32 26
16431 qc 40 42
14149 qc 7 19
12427 qc 37 44
24968 qd 23 3
19114 qd 26 17
12777 qd 4 13
10711 qd 26 34
2806 qd 36 0
5150 qe 37 40
21635 qf 19 33
6965 qf 19 24
28496 qg 28 47
28468 qg 33 23
21786 qg 45 8
16649 qh 14 26
14353 qh 4 39
9199 qh 8 17
2245 qh 21 5
16939 qi 46 44
10212 qi 47 15
21956 qj 39 6
26853 qk 19 11
13624 qk 41 20
19174 qm 38 11
10012 qm 44 39
8863 qm 8 40
3694 qm 5 24
2261 qm 17 23
2197 qm 22 29
26898 qn 21 10
24569 qn 46 24
14654 qn 12 17
10431 qo 5 40
24871 qp 12 25
8825 qp 39 33
457 qp 34 41
24471 qq 46 28
16123 qq 30 25
1555 qq 40 31
27051 qr 40 18
13316 qr 20 17
19935 qs 20 45
2339 qs 46 30
28861 qt 15 9
25820 qt 6 29
15861 qt 10 38
10330 qt 10 30
16647 qu 14 22
4680 qu 32 2
22373 qv 13 37
8355 qv 36 38
10636 qw 44 10
2805 qw 32 17
15550 qx 23 31
1862 qx 48 10
20057 qz 45 40
11745 qz 42 41
10049 qz 6 34
21092 ra 32 5
5483 rb 7 27
9518 rc 49 22
11514 rd 9 30
8680 rd 7 46
1255 rd 21 4
11004 re 1 26
8371 re 46 34
1564 re 23 31
5955 rf 18 49
5791 rf 21 7
19191 rg 16 19
18365 rg 41 26
13917 rg 20 1
12030 rg 9 22
7971 rg 45 44
5738 rh 34 26
13157 ri 25 45
10226 rj 46 31
6029 rj 43 18
19222 rl 4 33
28581 rm 32 5
26388 rm 28 49
9202 rn 17 9
3002 rn 22 16
20450 ro 0 12
11902 ro 6 37
8129 rq 30 44
9517 rr 1 12
28681 rs 39 19
29107 ru 29 18
9315 ru 12 10
2159 ru 0 7
17203 rv 46 39
27397 rx 4 15
23933 ry 18 41
14123 rz 34 17
9405 rz 48 3
28537 sa 15 20
22379 sa 28 41
10440 sa 43 47
27436 sb 28 24
25096 sb 10 39
23258 sb 12 24
6066 sb 22 28
7690 sc 38 8
4949 sd 44 18
1813 sd 2 41
21042 sh 46 11
14976 si 1 33
14854 sk 9 31
5266 sk 28 8
848 sk 23 5
21388 sl 41 18
11053 sl 2 4
25690 sm 42 42
236 sm 19 45
27583 sn 6 39
24567 sn 3 36
23852 so 48 5
865 so 5 20
23870 sp 16 11
21225 sp 3 44
743 sp 40 32
1610 sr 34 28
17480 st 42 48
5279 st 6 10
9494 su 37 35
4852 sx 28 26
27795 sy 0 27
21497 ta 3 20
10334 ta 35 7
2412 tc 27 2
27603 td 42 16
12122 td 0 29
3302 td 0 20
1455 td 22 1
26214 te 2 40
23679 te 38 19
25021 tg 4 30
28793 th 20 14
4899 th 36 3
29644 tj 8 28
25979 tj 11 25
1801 tj 18 10
27661 tk 31 33
17092 tl 38 10
6802 tl 40 28
29325 tm 29 31
23446 tm 24 4
18032 tm 5 46
26925 tn 2 42
25153 tn 28 25
17873 tn 40 37
16550 to 37 42
6946 to 32 0
27422 tp 19 9
11052 tp 9 6
10270 tp 39 19
3032 tp 2 16
20081 tq 34 6
4585 tr 23 14
24215 tt 7 26
13828 tt 41 46
6482 tt 18 15
6228 tu 34 8
7760 tw 4 1
24011 tx 44 49
23882 tx 48 45
7654 ty 41 43
24428 tz 28 29
26712 ub 41 49
25776 ub 10 23
1805 ub 25 5
20310 uc 9 29
11498 uc 40 29
10253 uc 25 2
5004 ud 49 1
29426 ue 36 6
29388 ue 1 33
15090 ue 0 5
22926 uf 10 21
20847 uf 49 8
13513 ug 21 47
4410 ug 44 30
17681 uh 41 27
13523 ui 38 32
8242 ui 6 30
26364 uj 41 22
15057 uj 26 28
14786 uk 46 16
21631 ul 4 21
29299 um 48 13
25520 um 38 42
28363 uo 23 47
1186 uo 41 27
498 uo 3 48
12949 up 35 10
29963 uq 27 14
27257 uq 1 36
11476 uq 42 25
795 uq 28 17
392 uq 4 33
26984 ur 36 26
21850 uu 49 17
19117 uu 9 16
16675 uu 39 19
15457 uu 11 17
4081 uu 42 22
21601 uv 38 47
19877 uv 47 32
14010 uw 9 39
12600 uw 49 29
11201 ux 10 11
23484 uy 46 30
29314 vb 0 9
28514 vb 8 36
9018 vb 12 9
8159 vb 4 11
4713 vb 12 25
28942 vd 5 27
27566 vd 34 9
17374 vd 6 28
15572 vd 46 23
10172 vd 38 22
13518 ve 32 46
12803 ve 4 46
16491 vf 9 36
10313 vf 2 16
19128 vg 20 35
14319 vg 49 27
5383 vh 43 4
5154 vh 6 1
898 vi 1 37
17497 vj 19 20
10152 vj 40 39
15895 vk 36 6
9948 vk 11 32
1796 vk 30 4
18500 vl 34 32
3073 vl 37 34
6092 vm 15 25
29589 vo 38 47
14700 vo 4 2
7280 vo 40 41
16341 vp 36 30
3157 vq 8 35
1234 vq 21 15
26997 vr 40 3
26312 vr 9 15
3169 vs 23 35
1326 vs 2 2
29074 vt 25 45
1520 vt 10 33
25668 vu 28 20
15160 vu 8 12
28660 vv 7 37
11091 vx 7 26
6896 vx 37 16
6348 vx 15 22
2940 vx 37 4
9722 vy 1 46
6970 vy 31 43
2120 vz 23 0
28241 wb 14 40
27878 wb 16 25
26819 wb 18 43
21305 wc 44 26
15140 wc 24 46
1492 wc 34 35
16552 wf 29 3
13622 wh 43 46
4495 wh 1 27
3428 wi 29 8
14693 wj 34 21
8323 wj 8 26
23926 wk 22 36
23367 wk 43 0
17308 wk 8 44
29383 wl 15 43
20165 wm 33 31
24932 wn 39 48
6679 wn 46 40
409 wo 27 47
29862 wp 27 35
9250 wp 35 6
24070 wq 37 23
21878 wq 25 27
25191 wr 27 31
21744 wr 11 42
13669 wr 18 27
4800 wr 46 40
26901 ws 43 22
23532 ws 47 4
8499 ws 18 15
7744 ws 22 4
6848 ws 38 42
12880 wt 13 4
11953 wt 31 33
4317 wt 7 19
25739 wu 35 15
21749 wu 19 33
12210 wu 44 17
1948 wv 1 21
13428 ww 32 25
1988 ww 30 48
21682 wx 14 17
10228 wx 48 13
3185 wy 39 9
16304 wz 0 48
7507 wz 9 26
18925 xa 41 39
12277 xb 24 24
10911 xc 39 33
6480 xc 16 36
25318 xd 41 29
23198 xd 5 43
17667 xd 30 43
3193 xd 35 46
952 xd 35 18
25171 xe 39 39
19759 xe 49 11
26546 xf 1 28
13245 xf 40 23
13595 xg 13 46
774 xg 25 47
20237 xh 3 45
11366 xh 27 19
3630 xh 25 1
22934 xi 20 22
21598 xi 25 23
6761 xj 40 25
1991 xj 48 20
23202 xl 27 43
16880 xl 47 41
27354 xm 24 26
16868 xm 24 7
54 xm 44 32
16763 xn 11 12
16197 xn 24 16
13946 xn 22 34
11811 xn 2 41
9884 xn 37 28
5916 xn 39 8
4872 xn 39 19
14551 xo 9 41
5562 xo 5 10
27685 xp 2 37
10037 xp 28 21
9481 xp 4 49
13193 xq 4 20
22473 xr 25 13
21955 xr 42 6
16718 xr 45 14
28346 xs 41 40
28167 xs 11 42
20595 xs 47 33
13568 xs 42 47
4403 xs 20 20
25875 xt 19 25
563 xt 1 30
19807 xv 19 38
5147 xv 31 32
28834 xw 15 34
23708 xw 7 43
22408 xx 13 29
29755 xy 8 39
25578 xy 40 47
25181 xy 3 46
20762 xy 42 46
12802 xy 22 37
8977 xy 14 19
25537 xz 38 7
20285 ya 40 7
17339 ya 30 36
16267 yb 7 19
26693 yc 44 48
14285 yc 33 14
29533 yd 45 34
880 yd 49 34
25760 ye 41 34
13725 ye 36 15
12763 yf 8 6
10269 yf 3 3
9206 yf 44 31
20129 yg 36 17
20118 yg 43 26
18398 yg 43 27
14801 yg 21 40
23618 yh 38 24
27998 yi 41 6
4107 yk 41 8
17822 ym 7 31
27063 yn 44 15
11558 yn 16 10
6413 yn 30 6
14346 yo 16 2
28480 yp 25 42
26065 yp 5 18
11755 yp 7 45
11463 yp 7 32
3506 yp 42 18
27917 yq 26 46
21862 yq 15 36
24062 yr 36 25
29339 ys 48 2
29090 ys 43 10
21832 ys 33 8
13842 ys 7 10
11443 ys 11 36
18250 yu 34 5
8696 yu 15 1
24391 yv 17 5
24604 yx 3 9
10058 yx 27 33
8109 yy 4 31
2300 yy 39 28
17195 yz 4 19
5215 yz 33 15
19129 za 1 41
2772 za 2 4
27803 ze 26 45
23642 zf 12 13
13478 zf 23 39
11690 zf 32 37
26456 zg 48 6
17402 zg 19 36
9760 zg 44 24
25892 zh 35 41
10303 zi 23 12
2482 zi 20 15
24526 zj 40 15
12001 zj 42 20
8594 zj 47 39
18875 zk 36 6
10077 zk 16 48
8967 zk 19 26
22346 zm 25 45
7088 zm 32 44
21378 zn 16 14
20881 zn 49 36
13119 zo 13 34
9300 zq 40 38
8918 zq 28 10
27142 zr 37 4
3303 zr 48 40
8078 zs 24 24
14289 zt 28 7
24228 zu 19 47
2949 zu 30 23
26238 zv 0 12
26692 zw 40 28
19095 zw 38 4
2799 zw 34 48
13198 zx 47 34
3147 zx 34 24
14548 zz 13 33
2939 zz 4 23
29972 az 27 37
29963 uq 27 14
29942 ea 4 7
29933 hb 28 6
29883 kr 47 0
29862 wp 27 35
29762 iz 45 46
29759 if 44 17
29755 xy 8 39
29754 fs 18 29
29651 ku 49 10
29644 tj 8 28
29589 vo 38 47
29533 yd 45 34
29426 ue 36 6
29389 oo 26 42
29388 ue 1 33
29385 er 1 29
29383 wl 15 43
29361 fe 16 12
29349 fi 30 31
29341 lp 29 44
29339 ys 48 2
29327 fo 40 48
29325 tm 29 31
29314 vb 0 9
29300 cq 17 14
29299 um 48 13
29269 bl 9 30
29265 fp 22 39
29253 dg 24 24
29224 mr 18 16
29192 og 7 3
29168 jv 33 49
29156 ap 45 45
29131 eq 42 15
29107 ru 29 18
29100 ck 35 27
29097 hq 19 21
29090 ys 43 10
29074 vt 25 45
29023 ll 16 39
29013 gt 16 40
28989 lu 26 32
28967 es 29 2
28942 vd 5 27
28861 qt 15 9
28837 ck 29 19
28836 ac 12 42
28834 xw 15 34
28820 gs 44 4
28816 gz 22 5
28793 th 20 14
28718 fk 37 28
28681 rs 39 19
28671 ey 23 42
28660 vv 7 37
28616 fv 32 42
28581 rm 32 5
28564 og 3 48
28545 ky 37 44
28537 sa 15 20
28514 vb 8 36
28496 qg 28 47
28490 dw 25 44
28480 yp 25 42
28468 qg 33 23
28425 gv 4 49
28411 bz 7 36
28363 uo 23 47
28346 xs 41 40
28342 gk 4 39
28341 fs 46 1
28291 cl 47 48
28264 io 0 48
28254 ic 22 12
28241 wb 14 40
28206 dv 22 21
28167 xs 11 42
28157 dm 11 10
27998 yi 41 6
27917 yq 26 46
27885 ok 35 30
27878 wb 16 25
27847 bt 22 48
27803 ze 26 45
27795 sy 0 27
27779 ac 9 41
27755 dg 30 21
27746 el 19 33
27685 xp 2 37
27669 ku 14 47
27661 tk 31 33
27641 ix 37 38
27603 td 42 16
27583 sn 6 39
27566 vd 34 9
27565 od 34 46
27556 oo 47 49
27546 ix 5 3
27513 od 47 36
27510 aa 15 23
27501 pv 43 16
27495 is 8 9
27472 hl 12 25
27436 sb 28 24
27422 tp 19 9
27397 rx 4 15
27377 al 44 19
27361 ei 20 31
27354 xm 24 26
27329 md 8 45
27303 bq 5 20
27279 ar 49 1
27257 uq 1 36
27177 ey 38 42
27142 zr 37 4
27126 ng 19 39
27111 gn 13 4
27063 yn 44 15
27051 qr 40 18
26997 vr 40 3
26989 nv 18 41
26984 ur 36 26
26977 bh 36 42
26963 lw 8 30
26925 tn 2 42
26908 fo 3 36
26901 ws 43 22
26898 qn 21 10
26896 bz 35 8
26868 dd 34 32
26853 qk 19 11
26819 wb 18 43
26766 li 5 14
26712 ub 41 49
26693 yc 44 48
26692 zw 40 28
26628 ji 12 42
26621 gv 6 37
26616 ll 2 9
26601 ji 17 42
26546 xf 1 28
26499 gk 38 2
26466 jk 27 31
26456 zg 48 6
26388 rm 28 49
26387 co 12 1
26384 lt 38 0
26364 uj 41 22
26312 vr 9 15
26289 ie 12 46
26272 mq 35 21
26260 ai 5 47
26238 zv 0 12
26229 cy 34 20
26214 te 2 40
26174 cy 14 12
26141 ov 37 13
26136 ep 19 13
26124 pa 45 14
26116 ok 18 4
26087 pj 7 16
26065 yp 5 18
26052 ly 26 32
26021 js 3 38
25994 aj 19 23
25979 tj 11 25
25939 lm 17 5
25923 mu 27 33
25913 my 44 37
25892 zh 35 41
25875 xt 19 25
25820 qt 6 29
25776 ub 10 23
25760 ye 41 34
25739 wu 35 15
25690 sm 42 42
25668 vu 28 20
25640 cn 12 12
25625 hv 34 19
25590 px 4 36
25587 gs 29 9
25578 xy 40 47
25568 io 11 10
25537 xz 38 7
25530 po 37 34
25520 um 38 42
25518 hv 18 25
25494 pp 31 23
25445 hn 0 19
25429 gp 0 7
25354 ec 39 9
25340 dh 26 32
25338 dn 46 18
25318 xd 41 29
25275 no 0 29
25230 mi 12 18
25219 jh 42 49
25211 id 29 32
25191 wr 27 31
25181 xy 3 46
25171 xe 39 39
25153 tn 28 25
25151 na 39 42
25128 en 17 17
25112 jp 20 46
25107 bg 5 47
25096 sb 10 39
25066 pl 27 8
25021 tg 4 30
25011 kp 37 22
24968 qd 23 3
24932 wn 39 48
24918 ix 28 5
24911 kt 45 22
24884 hb 0 39
24871 qp 12 25
24833 of 26 23
24826 fp 27 28
24788 op 37 31
24772 la 12 40
24763 kz 18 49
24696 lh 12 43
24695 ex 29 42
24685 kd 15 47
24669 le 31 36
24623 dq 6 25
24604 yx 3 9
24595 mp 0 22
24569 qn 46 24
24567 sn 3 36
24544 ou 26 18
24538 hr 49 29
24536 ng 49 47
24526 zj 40 15
24500 ph 38 9
24486 ge 13 48
24471 qq 46 28
24447 mh 32 37
24440 dc 17 0
24428 tz 28 29
24391 yv 17 5
24375 pp 40 28
24295 pw 37 14
24279 nl 44 4
24228 zu 19 47
24223 ld 11 42
24215 tt 7 26
24213 es 37 6
24193 ea 17 4
24107 cl 29 7
24098 dc 27 24
24070 wq 37 23
24069 lt 14 44
24062 yr 36 25
24011 tx 44 49
23970 ix 2 29
23933 ry 18 41
23926 wk 22 36
23882 tx 48 45
23879 ap 43 24
23870 sp 16 11
23852 so 48 5
23823 lq 44 42
23805 gb 3 9
23780 ij 6 29
23768 jz 43 38
23764 dt 14 36
23763 hz 45 43
23708 xw 7 43
23679 te 38 19
23669 jt 27 45
23642 zf 12 13
23618 yh 38 24
23604 fu 45 21
23598 gf 35 47
23541 iz 18 26
23537 ip 9 31
23532 ws 47 4
23529 fr 44 37
23485 mr 30 29
23484 uy 46 30
23454 om 10 2
23446 tm 24 4
23421 oj 13 0
23408 db 48 15
23367 wk 43 0
23295 hx 6 40
23258 sb 12 24
23221 ad 25 27
23220 ei 20 18
23215 ao 3 11
23213 ed 1 29
23202 xl 27 43
23198 xd 5 43
23181 kr 7 8
23003 nx 7 48
23002 hg 0 5
22996 cb 14 19
22976 jh 34 33
22959 ln 18 40
22958 mi 37 17
22934 xi 20 22
22926 uf 10 21
22893 fr 28 24
22857 bc 45 4
22856 hq 27 27
22720 ar 24 38
22701 ay 31 3
22692 ke 30 6
22606 jp 0 33
22601 pm 10 1
22557 ac 37 47
22547 jc 31 11
22531 id 8 32
22476 ps 32 8
22473 xr 25 13
22467 hc 28 26
22410 pd 40 17
22408 xx 13 29
22386 bg 19 10
22379 sa 28 41
22373 qv 13 37
22346 zm 25 45
22337 lr 16 8
22308 im 2 36
22307 pk 2 34
22305 pk 27 36
22298 ey 40 9
22289 hx 12 17
22215 dc 29 49
22212 jb 36 7
22192 ac 40 18
22167 ge 9 46
22110 jt 19 31
22092 ds 46 4
22090 mo 42 36
22063 ip 12 19
22043 lo 37 28
22042 kb 19 39
21996 hb 10 0
21986 al 15 41
21956 qj 39 6
21955 xr 42 6
21940 bm 11 3
21878 wq 25 27
21873 fh 39 26
21862 yq 15 36
21850 uu 49 17
21834 iv 39 14
21832 ys 33 8
21820 ib 41 31
21786 qg 45 8
21776 gh 10 42
21763 dn 10 31
21749 wu 19 33
21744 wr 11 42
21742 px 38 21
21710 nc 16 32
21682 wx 14 17
21668 jb 38 36
21652 by 7 17
21635 qf 19 33
21631 ul 4 21
21601 uv 38 47
21598 xi 25 23
21536 ge 33 7
21530 cd 17 35
21497 ta 3 20
21489 ee 4 25
21486 dd 24 14
21388 sl 41 18
21378 zn 16 14
21367 ft 23 3
21361 jl 39 7
21360 it 37 28
21323 ak 2 43
21310 nl 33 44
21305 wc 44 26
21246 ox 43 42
21233 bp 43 8
21225 sp 3 44
21220 dj 33 0
21172 pq 44 10
21148 ll 48 29
21092 ra 32 5
21064 bi 6 49
21043 le 28 3
21042 sh 46 11
21017 gf 37 41
20964 dt 43 35
20943 pd 47 43
20886 pe 49 44
20881 zn 49 36
20857 je 36 14
20847 uf 49 8
20818 io 2 49
20768 bb 43 5
20762 xy 42 46
20751 ah 47 6
20707 nf 27 7
20691 ns 27 17
20595 xs 47 33
20494 kw 32 3
20450 ro 0 12
20387 ad 33 32
20380 dm 9 28
20353 jm 28 9
20330 dl 42 13
20310 uc 9 29
20304 fb 7 15
20300 br 31 28
20292 mq 14 23
20290 kf 49 44
20289 ha 42 45
20285 ya 40 7
20259 gv 0 22
20237 xh 3 45
20165 wm 33 31
20163 bt 49 46
20129 yg 36 17
20127 om 42 24
20124 eh 6 43
20118 yg 43 26
20081 tq 34 6
20069 nm 27 29
20057 qz 45 40
20050 ce 25 14
20029 fq 31 43
19949 mq 30 41
19935 qs 20 45
19932 ct 16 13
19885 bj 21 5
19877 uv 47 32
19807 xv 19 38
19759 xe 49 11
19716 jd 37 37
19710 aa 20 47
19683 hs 23 24
19640 gk 44 29
19634 nl 33 11
19613 jg 20 21
19611 pr 44 34
19610 ft 24 5
19591 ff 14 30
19567 ih 11 4
19559 ey 12 24
19535 mv 47 20
19441 bx 44 19
19415 cr 4 22
19373 lb 17 17
19291 es 17 36
19241 iz 40 18
19222 rl 4 33
19204 dn 40 21
19192 hd 41 39
19191 rg 16 19
19174 qm 38 11
19129 za 1 41
19128 vg 20 35
19117 uu 9 16
19114 qd 26 17
19095 zw 38 4
19022 la 28 39
18976 kv 26 8
18925 xa 41 39
18924 cw 37 43
18875 zk 36 6
18866 cb 3 3
18860 qc 32 26
18776 cb 13 13
18773 ha 9 27
18717 bb 17 31
18574 jj 1 31
18522 pq 16 32
18500 vl 34 32
18435 os 3 44
18425 le 12 21
18399 he 37 32
18398 yg 43 27
18377 pf 38 30
18365 rg 41 26
18355 eo 12 29
18283 of 32 21
18250 yu 34 5
18211 dc 10 8
18179 mt 0 10
18163 if 36 47
18146 pm 10 45
18032 tm 5 46
18017 er 1 11
17937 bb 3 37
17893 di 9 7
17875 no 3 30
17873 tn 40 37
17824 cj 21 2
17822 ym 7 31
17769 bt 10 22
17750 ev 37 26
17734 gr 17 10
17719 gl 2 10
17684 ee 9 18
17681 uh 41 27
17672 ib 35 22
17669 iw 15 26
17667 xd 30 43
17654 qa 28 32
17643 gk 45 17
17540 fa 26 34
17531 ez 23 16
17515 dr 36 31
17497 vj 19 20
17480 st 42 48
17457 of 29 23
17454 jv 33 41
17402 zg 19 36
17398 mr 47 0
17396 nr 49 24
17374 vd 6 28
17339 ya 30 36
17313 le 39 16
17308 wk 8 44
17218 hx 31 13
17205 fl 18 45
17203 rv 46 39
17195 yz 4 19
17184 ih 5 1
17163 iy 27 1
17156 pw 36 38
17107 gr 14 21
17092 tl 38 10
17080 fj 9 47
17059 io 34 45
17007 cm 46 27
16990 pz 13 47
16978 em 47 31
16966 gx 43 37
16950 dv 28 8
16939 qi 46 44
16880 xl 47 41
16868 xm 24 7
16845 gg 4 12
16829 jh 30 36
16796 fp 11 26
16763 xn 11 12
16748 nk 4 39
16718 xr 45 14
16687 or 13 13
16681 jk 17 6
16675 uu 39 19
16665 om 37 24
16653 pb 8 2
16649 qh 14 26
16647 qu 14 22
16644 pm 29 46
16600 gu 0 23
16585 lv 48 1
16552 wf 29 3
16550 to 37 42
16527 gc 12 0
16505 el 13 7
16492 kh 2 22
16491 vf 9 36
16473 kg 43 24
16431 qc 40 42
16382 et 23 38
16366 hf 33 28
16356 fw 18 31
16341 vp 36 30
16304 wz 0 48
16267 yb 7 19
16246 mm 46 46
16230 kt 1 22
16224 gl 10 37
16197 xn 24 16
16174 jy 24 12
16169 jz 27 31
16123 qq 30 25
16056 pt 33 2
16022 bg 10 1
16021 lb 41 15
15907 ab 3 0
15895 vk 36 6
15861 qt 10 38
15844 pg 1 26
15755 lq 41 38
15632 au 42 11
15617 dx 38 0
15572 vd 46 23
15550 qx 23 31
15533 mv 3 44
15528 bl 40 36
15511 jz 13 8
15487 an 43 8
15457 uu 11 17
15450 co 29 6
15436 kg 21 10
15424 ox 20 35
15407 kp 8 45
15312 nc 25 47
15290 fo 33 3
15226 mk 1 24
15220 nq 5 14
15196 kj 13 36
15160 vu 8 12
15140 wc 24 46
15128 cn 22 36
15090 ue 0 5
15082 lw 46 33
15057 uj 26 28
15056 il 25 17
15042 cj 39 22
15023 ob 14 11
15015 pq 3 49
14976 si 1 33
14946 lt 29 2
14919 nl 28 27
14904 pf 33 35
14898 bu 21 1
14887 mf 7 31
14861 co 7 7
14854 sk 9 31
14830 fb 47 0
14801 yg 21 40
14786 uk 46 16
14721 fq 12 46
14700 vo 4 2
14693 wj 34 21
14687 lw 32 28
14684 pw 35 25
14674 ix 27 16
14654 qn 12 17
14628 pv 28 39
14613 ak 42 43
14600 cy 14 45
14551 xo 9 41
14548 zz 13 33
14522 jf 48 36
14485 ew 23 4
14461 pe 24 6
14401 np 44 16
14353 qh 4 39
14346 yo 16 2
14319 vg 49 27
14289 zt 28 7
14285 yc 33 14
14260 cw 31 40
14225 be 37 3
14176 he 28 21
14149 qc 7 19
14146 as 33 33
14123 rz 34 17
14073 mx 41 41
14049 nu 6 39
14030 fw 26 43
14010 uw 9 39
13996 lu 7 29
13979 ev 0 26
13950 lk 8 30
13946 xn 22 34
13934 in 45 24
13920 gm 19 46
13917 rg 20 1
13890 az 2 31
13886 bn 19 35
13881 gd 44 10
13880 kj 46 17
13842 ys 7 10
13828 tt 41 46
13816 ck 19 36
13760 hs 7 37
13736 pw 2 34
13725 ye 36 15
13682 ne 27 23
13669 wr 18 27
13640 ez 36 8
13624 qk 41 20
13622 wh 43 46
13614 fs 43 18
13595 xg 13 46
13584 hn 4 49
13576 fx 46 9
13568 xs 42 47
13523 ui 38 32
13518 ve 32 46
13513 ug 21 47
13510 oq 47 25
13480 ih 39 40
13478 zf 23 39
13465 ni 10 44
13428 ww 32 25
13413 cz 22 34
13398 ig 26 8
13328 at 37 2
13316 qr 20 17
13294 ec 0 25
13287 ff 19 42
13245 xf 40 23
13198 zx 47 34
13193 xq 4 20
13190 hf 1 7
13157 ri 25 45
13119 zo 13 34
13022 cb 49 26
13016 cc 32 11
12986 gw 17 27
12977 js 35 30
12949 up 35 10
12880 wt 13 4
12853 md 48 47
12851 pe 40 47
12835 fa 32 37
12803 ve 4 46
12802 xy 22 37
12777 qd 4 13
12766 ob 8 29
12763 yf 8 6
12728 lo 27 48
12724 ki 36 10
12669 gy 1 27
12600 uw 49 29
12466 ji 1 46
12443 nl 28 28
12438 iu 15 14
12427 qc 37 44
12426 px 44 20
12379 fw 34 22
12362 da 9 13
12350 pq 34 14
12338 au 21 20
12331 mx 41 10
12280 ej 5 47
12277 xb 24 24
12272 mk 12 9
12269 dg 33 27
12266 gv 8 32
12210 wu 44 17
12195 lt 20 17
12155 dz 11 41
12122 td 0 29
12101 mg 38 45
12095 ho 20 37
12091 av 24 31
12034 cp 45 10
12030 rg 9 22
12009 oa 42 37
12001 zj 42 20
11977 px 8 0
11956 dv 16 11
11953 wt 31 33
11902 ro 6 37
11868 eb 3 46
11825 im 1 10
11811 xn 2 41
11755 yp 7 45
11745 qz 42 41
11743 pv 21 1
11694 cs 41 13
11690 zf 32 37
11679 dp 29 29
11653 aa 20 7
11626 ib 14 18
11585 lk 33 18
11584 en 1 44
11558 yn 16 10
11514 rd 9 30
11498 uc 40 29
11485 au 40 40
11476 uq 42 25
11463 yp 7 32
11443 ys 11 36
11424 jy 33 22
11400 fc 47 40
11366 xh 27 19
11335 ky 45 2
11327 at 16 37
11201 ux 10 11
11161 ig 19 45
11138 nw 18 5
11095 eu 34 40
11091 vx 7 26
11053 sl 2 4
11052 tp 9 6
11004 re 1 26
10957 hf 4 32
10946 bh 39 10
10922 et 9 46
10911 xc 39 33
10879 do 27 7
10878 jk 39 41
10868 iz 0 5
10857 py 10 14
10771 dc 36 8
10727 gx 37 24
10711 qd 26 34
10669 cx 2 37
10636 qw 44 10
10614 fx 15 48
10561 kx 40 44
10531 mx 29 27
10512 cj 11 46
10510 js 36 25
10440 sa 43 47
10431 qo 5 40
10417 iu 13 42
10403 ah 17 34
10376 gv 2 10
10334 ta 35 7
10330 qt 10 30
10313 vf 2 16
10303 zi 23 12
10302 gs 18 10
10279 it 35 45
10270 tp 39 19
10269 yf 3 3
10253 uc 25 2
10228 wx 48 13
10226 rj 46 31
10212 qi 47 15
10207 iu 28 29
10172 vd 38 22
10160 cf 19 48
10152 vj 40 39
10127 iw 10 18
10109 jj 14 35
10077 zk 16 48
10058 yx 27 33
10049 qz 6 34
10037 xp 28 21
10012 qm 44 39
10008 mp 0 7
9948 vk 11 32
9916 pt 47 42
9884 xn 37 28
9848 ja 17 13
9826 ot 10 40
9818 eq 5 4
9760 zg 44 24
9722 vy 1 46
9718 id 27 37
9701 cz 23 37
9593 oj 5 22
9538 io 5 39
9531 hf 4 39
9528 kh 9 0
9518 rc 49 22
9517 rr 1 12
9507 lc 48 11
9494 su 37 35
9481 xp 4 49
9467 ls 15 15
9405 rz 48 3
9375 be 11 24
9315 ru 12 10
9304 pd 42 44
9300 zq 40 38
9287 iv 25 21
9282 ag 12 15
9250 wp 35 6
9206 yf 44 31
9202 rn 17 9
9199 qh 8 17
9117 bi 4 1
9018 vb 12 9
8996 dj 34 40
8995 ha 40 9
8977 xy 14 19
8968 io 15 23
8967 zk 19 26
8962 qb 21 17
8941 fn 39 39
8918 zq 28 10
8897 og 42 29
8863 qm 8 40
8860 mx 35 36
8826 fn 14 41
8825 qp 39 33
8800 ao 24 30
8762 kd 16 2
8751 jl 33 10
8732 gk 45 0
8718 cb 30 1
8705 id 49 34
8696 yu 15 1
8680 rd 7 46
8632 qa 11 28
8594 zj 47 39
8585 hp 18 29
8548 am 30 40
8523 dz 3 0
8499 ws 18 15
8440 ns 48 10
8390 pu 8 5
8371 re 46 34
8355 qv 36 38
8339 es 49 43
8335 mq 49 21
8323 wj 8 26
8280 mm 43 13
8242 ui 6 30
8241 mg 8 4
8216 gm 35 42
8205 mw 36 0
8189 de 40 45
8175 cv 29 10
8159 vb 4 11
8153 ey 30 43
8129 rq 30 44
8125 oi 2 22
8109 yy 4 31
8107 dj 26 3
8078 zs 24 24
8060 km 13 12
8053 nx 17 14
8023 ml 28 11
8020 nw 11 45
8009 ld 19 48
7971 rg 45 44
7965 ex 10 38
7886 ae 35 30
7857 kx 31 3
7792 eg 31 24
7776 nn 26 0
7760 tw 4 1
7744 ws 22 4
7736 cw 4 26
7702 bm 4 20
7690 sc 38 8
7675 je 16 31
7660 dy 23 35
7654 ty 41 43
7640 py 18 0
7633 bn 7 47
7605 dt 30 28
7575 oq 10 44
7507 wz 9 26
7502 pv 24 46
7458 dq 1 15
7457 lr 21 26
7408 aq 6 28
7406 mx 5 46
7358 dh 36 15
7357 hx 7 24
7280 vo 40 41
7265 mb 7 17
7249 jf 24 31
7193 hv 18 5
7125 pm 35 22
7112 el 11 48
7088 zm 32 44
7070 em 35 16
7055 jn 29 39
7037 jm 48 33
6996 mf 20 33
6995 of 38 16
6970 vy 31 43
6965 qf 19 24
6946 to 32 0
6896 vx 37 16
6892 fp 32 34
6887 ok 22 9
6848 ws 38 42
6802 tl 40 28
6761 xj 40 25
6713 pg 26 31
6704 nx 29 3
6679 wn 46 40
6667 oy 32 16
6652 md 30 36
6651 je 28 39
6617 oq 8 10
6590 og 31 13
6582 le 5 38
6508 fs 25 32
6482 tt 18 15
6480 xc 16 36
6440 ly 16 16
6413 yn 30 6
6348 vx 15 22
6340 bc 23 18
6300 ao 27 26
6271 gh 29 30
6243 lc 23 10
6242 oi 12 31
6229 ba 42 38
6228 tu 34 8
6197 py 39 32
6149 mq 9 32
6131 ib 37 33
6110 ie 25 13
6098 ev 14 39
6092 vm 15 25
6067 kz 33 40
6066 sb 22 28
6029 rj 43 18
5955 rf 18 49
5932 he 32 1
5916 xn 39 8
5915 ho 11 17
5797 eu 8 34
5791 rf 21 7
5789 ir 17 24
5776 cf 9 37
5771 lj 9 27
5752 kx 45 25
5738 rh 34 26
5720 di 31 37
5579 mz 5 21
5562 xo 5 10
5510 px 15 17
5483 rb 7 27
5472 az 11 33
5383 vh 43 4
5279 st 6 10
5266 sk 28 8
5226 kl 7 21
5215 yz 33 15
5205 mz 17 29
5154 vh 6 1
5150 qe 37 40
5147 xv 31 32
5115 cc 49 42
5105 dz 44 11
5005 hm 27 36
5004 ud 49 1
4949 sd 44 18
4902 di 4 30
4899 th 36 3
4874 fg 10 44
4872 xn 39 19
4852 sx 28 26
4819 jh 37 3
4811 ig 31 35
4800 wr 46 40
4789 bk 1 5
4782 ml 19 36
4753 dm 6 14
4713 vb 12 25
4712 fd 13 12
4704 dc 41 35
4689 pv 29 48
4680 qu 32 2
4660 eq 38 33
4641 jv 19 10
4626 ki 49 8
4585 tr 23 14
4538 ic 4 18
4513 cw 1 6
4509 gj 14 11
4495 wh 1 27
4443 ah 10 11
4442 ag 43 35
4427 mo 33 22
4415 fm 14 12
4410 ug 44 30
4403 xs 20 20
4398 hl 20 47
4369 od 37 20
4317 wt 7 19
4213 kn 45 44
4173 gh 12 8
4158 pc 2 45
4107 yk 41 8
4089 dx 39 18
4081 uu 42 22
4080 kv 41 39
4047 ko 35 32
3929 mo 8 19
3923 bi 20 0
3853 jn 26 14
3831 ik 49 20
3694 qm 5 24
3630 xh 25 1
3537 cx 38 30
3533 km 23 29
3506 yp 42 18
3428 wi 29 8
3393 ct 10 7
3327 je 32 10
3319 ae 10 49
3303 zr 48 40
3302 td 0 20
3286 po 27 40
3193 xd 35 46
3185 wy 39 9
3177 my 21 49
3169 vs 23 35
3157 vq 8 35
3150 kh 6 37
3147 zx 34 24
3073 vl 37 34
3032 tp 2 16
3022 nm 35 14
3002 rn 22 16
2981 hf 40 2
2949 zu 30 23
2940 vx 37 4
2939 zz 4 23
2918 da 48 18
2806 qd 36 0
2805 qw 32 17
2799 zw 34 48
2772 za 2 4
2765 ai 26 42
2751 kn 4 15
2743 gi 8 48
2698 fo 48 15
2649 jp 22 39
2634 og 35 25
2606 mf 1 49
2604 af 32 8
2516 hz 39 15
2482 zi 20 15
2412 tc 27 2
2383 bm 10 17
2362 ko 44 48
2339 qs 46 30
2335 ay 18 43
2334 cc 30 40
2300 yy 39 28
2293 em 40 36
2290 qb 33 39
2261 qm 17 23
2255 bi 25 36
2245 qh 21 5
2197 qm 22 29
2159 ru 0 7
2154 ij 44 42
2120 vz 23 0
2074 ig 4 19
2056 lr 13 38
1996 el 5 2
1991 xj 48 20
1988 ww 30 48
1975 po 8 29
1958 in 20 14
1948 wv 1 21
1933 be 44 27
1903 ig 1 19
1862 qx 48 10
1813 sd 2 41
1805 ub 25 5
1801 tj 18 10
1796 vk 30 4
1793 pi 15 11
1760 il 3 30
1707 ly 0 21
1610 sr 34 28
1564 re 23 31
1555 qq 40 31
1533 nz 18 25
1528 fa 29 3
1520 vt 10 33
1492 wc 34 35
1455 td 22 1
1440 ny 38 26
1434 bc 1 9
1432 ln 28 25
1343 dr 25 9
1326 vs 2 2
1320 jw 38 11
1305 ev 27 11
1298 mj 26 5
1272 dq 18 19
1255 rd 21 4
1235 jf 22 49
1234 vq 21 15
1186 uo 41 27
1157 pt 33 48
1149 hj 44 22
1145 pv 2 21
1087 km 28 38
1062 kl 13 0
1014 lv 0 47
975 gq 14 28
952 xd 35 18
898 vi 1 37
880 yd 49 34
872 lc 47 11
865 so 5 20
848 sk 23 5
846 at 0 13
843 cb 16 29
806 lo 47 45
801 lo 47 26
795 uq 28 17
783 jq 23 37
774 xg 25 47
743 sp 40 32
563 xt 1 30
558 bt 45 44
532 ky 37 26
498 uo 3 48
457 qp 34 41
448 md 0 21
446 od 30 49
417 kc 49 37
409 wo 27 47
392 uq 4 33
349 ch 48 5
319 oy 37 45
310 nt 33 43
305 an 13 28
250 nw 3 21
236 sm 19 45
202 ib 24 28
158 oi 10 26
54 xm 44 32
8 8 8 8
7 7 7 7
6 6 6 6
5 5 5 5
4 4 4 4
3 3 3 3
2 2 2 2
1 1 1 1
0 0 0 0
